	saranno			seveso
1990:
11:	19 22 37 47v		10 43
12:	05 08 12 25 38 44 50	02 15? 33 53
13:	02 10 14 18 42 53	21 45
14:	10 20 39 45? 58		17

1970:
11:	17 22 37 47v		10 43
12:	05 08 12 25 38 44 53	02 15 33 50
13:	02 10 14 18 42 53	21 45
14:	10 20 39 50s 58		17

1960:
11:	07 23 37		20
12:	05 12 30 33 48 51	08 15 45
13:	06v 28 50		22 40
14:	09 16 38		22 56
bovisa-cadorna qualifies in the other direction

1957:						back from bovisa
11:						23 38 41
12:						01 19 28 43
13:						00 23 30 42 45 52 56
14:						14 22 34 58

1955:
11:	00 05 23 36		18		23 38 41
12:	12 30 50		08 15 37 45	01 19 28 43
13:	08v 32			18 42		00 23 30 45 52 56
14:	09 15 32		22 55		14 22 34 58

1950:
11:	20			25
12:	12 50			05 15
13:	30			18
14:	05			15 58

1930:
11:	00			15 45
12:	12 40			15
13:	24			10 45
14:	10			45

v = skips bovisa, s = short turn
